1.087389087530318648e+02 -1.393574753529392183e+02
-5.264443066623061895e+01 7.937064847350120544e+01
6.719158511381829157e+01 -5.263591255107894540e+01
-1.169159672870882787e+02 -4.907475164067000151e+01
2.860096156504005194e+01 9.403167186304926872e+00
-1.903200931823812425e+01 1.620536705134436488e+02
-1.658891042281175032e+01 6.111725804721936584e+01
-6.706919474352616817e+00 -3.775967132020741701e+01
9.781048184382962063e+01 5.852142150886356831e+01
-1.319611022721510381e+02 4.715312046092003584e+01
-8.690953729505417868e+01 4.859829860134050250e+01
1.421311662354855798e+02 1.222510499479249120e+02
-1.061407871253322810e+00 -9.204357978934422135e+01
3.280837779480498284e+01 -6.789437300758436322e+01
-3.919670796132413670e+01 1.361018862109631300e+01
-1.824387963840272278e+02 3.482454630080610514e+00
3.509726790490094572e+01 8.046606176532804966e+01
1.377068970027612522e+02 6.422264603013172746e+01
-4.156199674936942756e+01 -4.504467758676037192e+01
4.577932449895888567e+01 -2.138325651688501239e+01
1.462240022793994285e+02 1.511302641592919827e+01
1.704590252103516832e+02 -4.898191395960748196e+01
7.125796940393047407e+01 -9.680065435310825706e+01
-4.400140061933780089e+01 1.286515973033383489e+02
9.460132869216613472e+01 1.335491786166094244e+02
-8.228566375956870615e+01 1.536447775382548571e+02
9.285073835053481162e+00 1.157442857930436730e+02
2.592540671280585229e+01 -1.608215119317173958e+02
-4.578071937081404030e+01 -1.062459841603413224e+02
6.181048237089999020e+01 1.113104957272298634e+02
9.851263741799630225e+01 -7.412475217087194324e+01
6.309632368234451860e+01 1.682488052281551063e+02
-5.833006903767818585e+01 -1.494702470479533076e+02
1.772008746979990974e+02 6.184103815816342831e+01
-7.595513018895871937e+01 -6.558990463661029935e+01
-1.297770433409605175e+02 -1.062052586004137993e+02
7.075816001312341541e+01 6.877305771224200726e+00
-1.087854115095688030e+02 -2.256839703768491745e+00
6.558918726356932893e+01 -1.640442065019160509e+02
-1.812310407163458876e+02 5.375306587247177958e+01
-7.532988122047390789e+01 1.491084375791251659e+01
1.867071004128083587e+02 2.593106190161779523e+01
-1.842510597213404253e+02 -5.828923234762623906e+01
5.152263733634026721e+01 3.778843286633491516e+01
-6.041797708999365568e+01 -1.862323022661730647e+02
-1.574384907153435051e+02 9.449089766433462501e+01
1.444947875536745414e+02 -1.141307381046935916e+02
-1.598982513103401288e+02 -2.502092741057276726e+01
1.131855876452755183e+01 1.927177803996019065e+02
1.759178549453499727e+02 -9.404014878859743476e+01
3.196785985119640827e+01 1.444281836715526879e+02
-1.972647922189207748e+01 -1.382485567284747958e+02
-1.098588378007407300e+02 9.916502485470846295e+01
1.054871347165317275e+02 2.336791969370096922e+01
1.985372592620551586e+02 -1.469844963029026985e+01
-1.491689624701975845e+02 -7.685750894574448466e+01
3.931843280611792579e+01 -1.169323352407664061e+02
-9.002910788549343124e+01 -1.224844999685883522e+02
-3.020474107062909752e+00 2.658613703958690166e+01
1.233239986257976852e+02 -3.587650063168257475e+01
-1.257738338803173974e+02 -1.481028595324605703e+02
-9.557767039723694324e+01 -1.684491949332877994e+02
-7.588883613172220066e+01 -2.646472925320267677e+01
-1.197937200483283959e+02 1.459824774218723178e+02
-5.288457444368395954e+01 1.871504177837632596e+02
-7.822422951052431017e+00 -1.916447579874657094e+02
-1.443180839626002125e+02 7.414673464372754097e+00
9.857315868372097611e+01 1.728211078243330121e+02
1.112689413876505569e+02 9.952871936419978738e+01
-2.232610116590512916e+01 1.004874993772245944e+02
1.413151497418293729e+02 -7.649459442542865872e+01
1.699653956111287698e+02 1.003446953869424760e+02
3.890767318260623142e+01 -1.955952221127226949e+02
-1.663621076424606144e+02 -1.075129396775737405e+02
8.919872001826297492e+01 -2.407962316786870360e+01
1.936882586182327941e+02 -1.606357636922039092e+02
1.989629206644021906e+02 -1.974772610012441874e+02
-1.880578469825559296e+02 2.344775219103321433e+02
1.328672214816906489e+02 -2.049112273189239204e+02
-2.803328564516268671e+02 9.624444285547360778e+01
7.983332530065672472e+01 -2.901816316279582679e+02
-1.314512417297228239e+02 -2.154727939846925437e+02
2.813870095402817242e+02 1.394706461583264172e+02
-1.634332568052923307e+02 -1.912622307124547660e+02
1.994999271290143952e+02 1.750472948444075882e+02
-8.417658341897185892e+01 -2.397402359778061509e+02
-2.290603698000777513e+02 -8.275523718167096376e+01
5.508992137940367684e+01 -2.466986344871111214e+02
-1.468158426916925237e+02 2.062892945711500943e+02
-2.897347858371795155e+02 5.472155988821759820e+01
-1.640617794136633165e+02 -2.377870643958449364e+02
-2.677839397900388576e+02 1.762691731844097376e+01
-1.196401119333459064e+02 2.821079993671737611e+02
2.791586030606413260e+02 -1.247838985342532396e+02
-2.274015492467442527e+02 6.081051572272554040e+01
-2.560959532673587091e+02 1.595512203127145767e+02
9.381267973326612264e+01 2.215610544350929558e+02
2.636356234611012042e+02 4.945660882629454136e+01
1.185936937476508319e+02 -2.564021067111752927e+02
1.156199989712913521e+02 -1.742543953112326562e+02
-6.423130110674537718e+01 2.771994170504622161e+02
-1.026550654676975682e+02 2.167994586252607405e+02
2.433042015460086986e+02 -1.018896712302230299e+02
1.673919561436632648e+02 2.404856624305248260e+02
-4.311847590038087219e+01 2.310329177351668477e+02
-2.316060448950738646e+02 1.940249496772885323e+02
2.418876288704923354e+02 9.596358569618314505e+01
-2.166947243996546604e+02 -3.722074776608496904e+01
1.366249610704253428e+02 2.575442910124547780e+02
5.347341809695353732e+01 2.615861567491665483e+02
-1.811466451091109775e+02 -1.402062591309659183e+02
1.096046956611098722e+01 -2.465001804651692510e+02
-1.069980808753171004e+02 -2.734552267319522798e+02
-2.191720118706580251e+02 1.448055057441815734e+02
-2.759270213018753566e+02 -1.174969090991653502e+02
-1.616695643375278451e+02 1.306076237964443862e+02
1.573392435809946619e+02 -1.659415226713754237e+02
-2.102691349963424727e+01 2.998874981943517923e+02
2.236800121176638640e+02 1.462748988601379097e+02
2.128969328046659939e+02 -6.919457752862945199e+01
-2.315255902947392315e+02 1.086477695116773248e+02
1.234083454665960744e+01 2.630638874196447432e+02
1.768015497060259804e+02 1.438018569163978100e+02
2.809061425917898305e+02 -1.020772764785215259e+01
-2.000812447633943520e+02 -2.012922773882746696e+02
2.465110453003435396e+02 -1.599273003563284874e+02
-2.411850050649954937e+02 -1.985039639258757234e+02
-2.138263909172965214e+02 -1.680730543769896030e+02
-2.708160927803255618e+02 -7.694456088216975331e+01
-3.960732580564217642e+01 -2.733951439308002591e+02
2.248954968589241616e+02 6.342619961127638817e+01
1.694445860785199329e+02 -2.211439683795906603e+02
2.355626851889537647e+02 1.960865835030563176e+02
9.163777230784762651e+01 2.746253107045777142e+02
-2.786567371327546425e+02 -3.965617935359477997e+01
3.053266252105240710e+02 -6.745223898580297828e+01
-1.806594923845259473e+02 1.892059871545061469e+02
2.546709311933955178e+01 3.117129073785617948e+02
-1.322017953668255359e+02 2.400887028076685965e+02
-2.154270954733365215e+02 -1.304550762032158673e+02
2.360225663857418112e+02 -2.004095586780458689e+02
-2.027077013975940645e+01 -2.304207817437127233e+02
1.699965963301365264e+02 -2.564922862360253930e+02
2.955152165758190677e+02 3.221363785257562995e+01
2.194988587497500703e+02 -1.307546879374422133e+02
1.724574863284360617e+02 2.040159523691982031e+02
2.499349422579980455e+02 1.024551480030640960e+01
-4.467615305969957262e+00 2.281253171386197209e+02
2.020249559485819191e+02 2.231272717341780663e+02
2.054446844657650217e+02 1.089017534987069666e+02
-3.094693391022155993e+02 2.284394041541963816e+01
-3.195078337781014852e+02 -8.696876266365870833e+01
4.164312091597821563e+02 -6.215998714370653033e+01
-3.828729750736965798e+02 -1.198091556425206363e+02
6.355600087670609355e+01 3.924612847962416708e+02
8.752716612210497260e+01 -3.669677155218087137e+02
-1.674561060508713126e+02 -3.462991514112800360e+02
-4.020197416760493070e+01 -3.544252819488756359e+02
3.889628594397217967e+02 -1.423253091243095696e+02
-3.423423390975221992e+02 -1.874919793312437832e+02
-4.273665432154666632e+01 4.159208655231632292e+02
-2.566701711398200132e+02 2.219973707082681358e+02
3.196048068623058498e+02 -2.243095066985115409e+02
2.094222156436881050e+02 -3.303248278344981372e+02
4.137952651073574089e+02 1.564003883535042405e+01
8.911298073153011501e+01 3.664506602436304092e+02
1.479002587136346847e+02 -2.904369580037891865e+02
-3.346338736144825816e+02 1.095440284558571875e+02
3.310126409458462149e+02 -1.321927596274763346e+02
-3.467599358677980490e+02 1.480260150111280382e+02
1.740173891431768425e+02 -3.138970945551991463e+02
1.369753789507667534e+02 -3.365144714140333235e+02
1.161979088495718315e+01 -4.198420963333919644e+02
2.685234507712302729e+02 -2.424864522721618414e+02
-1.736609027779195458e+02 3.578238958860747516e+02
-3.102196880887495354e+02 1.999967727055773139e+02
-1.003334952768054791e+02 -3.625216939975507557e+02
-3.228674897268065251e+02 -1.775944552617147565e+01
1.802623535855673254e+00 3.728192705111578107e+02
3.233499308215104975e+02 1.347096060183830559e+02
3.287144367019063793e+02 6.490241708280518651e+01
-3.050811008276068605e+02 1.412429901114664972e+02
2.293776522398693487e+02 3.498296592547558248e+02
-2.108526028340565972e+02 -3.552763619148172438e+02
-2.546798142084153369e+02 -2.352409279402345419e+02
-3.279047148090903647e+02 6.105048402305692434e+01
3.427848662795149721e+02 -8.711070155911147594e+01
3.764954350089537911e+02 2.849310378544032574e+00
3.570232434638310224e+02 1.474085787995718420e+02
4.026253493290278129e+02 6.512156814662739635e+01
4.297870931564830244e+01 -3.334507687608711421e+02
-2.947930641312850639e+02 -2.730280308956280351e+02
-7.399938466266030446e+01 3.946061829067766666e+02
-2.140296976337558590e+02 -2.930022877678275108e+02
2.074578675046213903e+02 3.218763172449544072e+02
2.593253671012935229e+02 2.648174682604148984e+02
9.955268883437383920e+00 -3.206519275642931461e+02
3.782038393435068429e+02 -5.662538244761526585e+01
-3.370596792482538149e+02 2.369004955231212080e+02
2.500068451856495813e+02 -6.141326557472348213e+01
-1.027292439932934940e+02 -4.099635750507004559e+02
-7.277819471142720431e+01 -3.203260619565844536e+02
-4.085322884612251073e+02 2.522748269606381655e+00
8.478165272244950756e+01 -4.029689578497782350e+02
-3.547262942016241141e+02 1.443536855047568679e+01
9.271244787279283628e+01 -3.284389121830463409e+02
1.494631320231128484e+02 4.196225463757291436e+02
1.081972804527031258e+02 4.338053202899172902e+02
1.548572527726646513e+02 3.666794119649566710e+02
1.199750928135472350e+02 3.464915879564359784e+02
1.207128926361910999e+02 3.936301601664163172e+02
1.847363525208784267e+02 3.894419001261703670e+02
-4.332521261330111884e+02 -7.809553640568628907e+01
-3.627862530580605380e+02 -7.992520123301073909e+01
-4.215230125507805496e+02 -3.264621817646548152e+01
-4.385570146655081771e+02 -1.261565688722766936e+02
-4.660648321766057052e+02 -9.850815437873825431e+01
-3.909043724464136176e+02 -5.530809816299006343e+01
3.188866471945075318e+02 -3.422752086049877107e+02
2.828928949292749166e+02 -3.242976451870054007e+02
2.868483742181560956e+02 -2.758716866835020483e+02
2.509212664309889078e+02 -3.430510349203832448e+02
3.109143225276493467e+02 -3.025799479531124234e+02
2.419398190997308120e+02 -3.058796145147643983e+02
-1.680693162246607244e+02 5.030826286668889225e+02
-2.016917251480044797e+02 5.319916741498745978e+02
-1.708379639349877834e+02 5.488800414483994246e+02
-2.310661048897309229e+02 5.529683953290805221e+02
-1.454723647813079879e+02 5.779214594354853034e+02
-2.033443949666107073e+02 6.079924733149819076e+02
-6.831417460482334718e+02 4.043144275448285043e+02
-7.269400579830980860e+02 4.379940199078992009e+02
-6.143671346585615538e+02 4.519216853766702116e+02
-6.728899761703796685e+02 4.530096492003649473e+02
-7.165332093668403104e+02 4.834676407035440207e+02
-6.452221707216231152e+02 4.882688616360537708e+02
-1.132348573168972507e+03 -1.154753128644078970e+02
-1.096462616613833234e+03 -1.123984976229257882e+02
-1.179275265372300055e+03 -7.729552909079939127e+01
-1.104185664080723654e+03 -7.039653759310021996e+01
-1.140630350648250896e+03 -6.726318045193329453e+01
-1.131440834429464303e+03 -3.041290120966732502e+01
-1.230260114927135874e+03 -1.064927209145855159e+03
-1.190225390806561336e+03 -1.055831176314968616e+03
-1.186023409116838593e+03 -1.014556902903597802e+03
-1.146224578332039528e+03 -1.006685343919787556e+03
-1.243488812286756001e+03 -9.969312563240528107e+02
-1.211603605424868874e+03 -9.562364328592084348e+02
-4.262407114941161126e+02 -4.757049017166718841e+02
-3.716555923331179656e+02 -4.723168220608495176e+02
-3.361265355205396190e+02 -4.648490839335136116e+02
-3.929926720728399232e+02 -4.442545643402263522e+02
-3.573594893249683082e+02 -4.340032353899441659e+02
-4.169851382345659658e+02 -3.992348493952304125e+02
-2.260591041232692078e+01 -8.456330043785274029e+02
-1.002584882649243809e+02 -8.453123113531619310e+02
-6.540132861636811867e+01 -8.296759946658276021e+02
-1.003941108863800764e+02 -8.098635142538696527e+02
-2.336575653962790966e+01 -7.949695020909421146e+02
-6.901600235240766779e+01 -7.827769173677079380e+02
6.649316231251577847e+02 -9.763819485860876739e+02
6.255936686814529821e+02 -9.760065917498432100e+02
5.823063760843942873e+02 -9.565760345496237278e+02
6.412549206273979507e+02 -9.440070597566664219e+02
5.911911456712987274e+02 -9.136436524055898190e+02
6.446609900897019543e+02 -8.933249402623623610e+02
1.478950297428877093e+03 -5.926856281082145870e+02
1.465000263841880951e+03 -5.588469324042089283e+02
1.499545137787470594e+03 -5.506550847315229475e+02
1.432017879007966258e+03 -5.227963428809307516e+02
1.497847386000852566e+03 -5.114078445187769830e+02
1.458773313877405599e+03 -4.807505755005404353e+02
5.880442556255147792e+02 -1.572282370845787227e+02
5.508437774470658042e+02 -1.314270870280452073e+02
5.133298082842957228e+02 -1.246115348297171295e+02
5.871661079679615796e+02 -1.222161005917005241e+02
5.616111587639898062e+02 -7.975035253725945950e+01
5.998830298391403630e+02 -7.151053941156715155e+01
7.581006206277525052e+02 3.145300157754682004e+02
6.975979120432748459e+02 3.284353932952508330e+02
7.313686012147809379e+02 3.427372966646216810e+02
6.741127663399092853e+02 3.690233081108890474e+02
7.655088115414837375e+02 3.782065948364324868e+02
7.357120057108113542e+02 4.086379281836561859e+02
5.470491960319923237e+02 9.649524160637520254e+02
5.129343010777374730e+02 1.008114689979236573e+03
4.589278353312402032e+02 1.016245875405147672e+03
5.613358797705150209e+02 1.021911916703451425e+03
4.778946004699682817e+02 1.051475661959964782e+03
5.226752382668782957e+02 1.061844059379305691e+03
-2.595142539779772051e+02 1.500307240795344114e+03
-3.117733460526214913e+02 1.507959951942320913e+03
-2.297212264435365796e+02 1.527629264094401151e+03
-2.773519751317217015e+02 1.547337843035813421e+03
-2.575467797119636089e+02 1.579979684459976852e+03
-3.135809485567733645e+02 1.581404082196764648e+03
